1791435385512,crash validator6
1791435390569,crash validator7
1791435455696,restart validator6
1791435460783,restart validator7
1791435471715,caught-up validator6
1791435483673,caught-up validator7
